[epoch: 0]
batch_loss: 3.5445
epoch_loss: 6306.1715
val_IoU: 0.765063
lr: 0.001


[epoch: 1]
batch_loss: 3.4683
epoch_loss: 6276.5600
val_IoU: 0.780277
lr: 0.001


[epoch: 2]
batch_loss: 3.4988
epoch_loss: 6086.2118
val_IoU: 0.805302
lr: 0.001


